camera_matrix: 
- [ 3.93604419e-02, -3.09072655e-01,  9.27840227e-01, -5.37369173e-02]
- [-9.97538081e-01, -3.58104399e-02,  4.34783083e-02,  3.22804709e-02]
- [ 2.63874262e-02, -9.51119974e-01, -3.12488204e-01,  1.10943806e+00]
- [0.0,  0.0,  0.0,  1.00000000e+00]
