camera_matrix: 
- [ 0.92996281,  0.01401578,  0.36738634, -0.07891357]
- [-0.04882134,  0.99513126,  0.08561693,  0.06224087]
- [ -0.36439764, -0.09755685,  0.92611933,  1.14195304]
- [0.0,  0.0,  0.0,  1.0]
